name,date,open_price,close_price,high_price,low_price,volume,market
BLK,04-Jan-2010,236.05,239.6,233.52,238.58,238600,NYSE
BLK,05-Jan-2010,239.05,239.67,236.76,239.61,198700,NYSE
BLK,06-Jan-2010,238.51,238.65,234.06,234.67,278400,NYSE
BLK,07-Jan-2010,234.66,237.7,234.0,237.25,218200,NYSE
BLK,08-Jan-2010,237.46,239.41,236.75,238.92,224300,NYSE
BLK,11-Jan-2010,241.0,243.8,239.95,242.81,207800,NYSE
BLK,12-Jan-2010,241.24,243.19,238.47,238.47,208000,NYSE
BLK,13-Jan-2010,234.22,239.95,234.22,239.42,203300,NYSE
BLK,14-Jan-2010,239.17,240.29,237.0,237.9,163800,NYSE
BLK,15-Jan-2010,237.85,238.7,236.16,238.09,196900,NYSE
BLK,19-Jan-2010,237.69,240.86,234.23,240.01,187500,NYSE
BLK,20-Jan-2010,239.0,239.39,235.33,238.26,202900,NYSE
BLK,21-Jan-2010,240.02,240.02,229.88,230.24,354600,NYSE
BLK,22-Jan-2010,229.49,235.68,222.61,225.0,282700,NYSE
BLK,25-Jan-2010,225.44,228.29,223.86,226.46,195500,NYSE
BLK,26-Jan-2010,224.55,228.89,223.5,224.71,203000,NYSE
BLK,27-Jan-2010,228.36,231.13,218.55,226.77,560100,NYSE
BLK,28-Jan-2010,227.0,228.45,215.74,219.64,632800,NYSE
BLK,29-Jan-2010,224.81,224.81,212.66,213.82,483000,NYSE
BLK,01-Feb-2010,215.25,219.23,215.02,216.57,426300,NYSE
BLK,02-Feb-2010,212.85,216.38,209.29,216.0,717100,NYSE
BLK,03-Feb-2010,215.81,221.89,215.05,220.64,603000,NYSE
BLK,04-Feb-2010,216.79,217.62,210.5,211.25,540400,NYSE
BLK,05-Feb-2010,210.44,212.5,200.56,208.79,884800,NYSE
BLK,08-Feb-2010,209.4,209.96,204.61,204.66,356300,NYSE
BLK,09-Feb-2010,206.87,209.37,205.15,208.88,564700,NYSE
BLK,10-Feb-2010,208.13,212.91,208.13,211.13,619300,NYSE
BLK,11-Feb-2010,210.77,211.25,206.11,207.3,437000,NYSE
BLK,12-Feb-2010,205.38,207.16,202.82,207.16,396500,NYSE
BLK,16-Feb-2010,208.3,210.41,207.0,210.41,277000,NYSE
BLK,17-Feb-2010,210.4,213.68,209.95,213.09,372400,NYSE
BLK,18-Feb-2010,214.4,215.24,211.26,213.73,350800,NYSE
BLK,19-Feb-2010,214.25,216.19,213.6,215.51,294700,NYSE
BLK,22-Feb-2010,217.52,219.31,216.04,217.23,374800,NYSE
BLK,23-Feb-2010,217.56,219.21,214.77,214.87,275900,NYSE
BLK,24-Feb-2010,217.25,218.98,216.5,218.36,280400,NYSE
BLK,25-Feb-2010,216.5,219.12,214.59,218.3,359000,NYSE
BLK,26-Feb-2010,217.5,219.85,217.5,218.8,302400,NYSE
BLK,01-Mar-2010,217.91,219.81,216.36,218.0,389600,NYSE
BLK,02-Mar-2010,219.89,220.32,216.41,216.41,568100,NYSE
BLK,03-Mar-2010,218.16,219.22,214.59,216.08,500800,NYSE
BLK,04-Mar-2010,217.91,217.91,212.28,215.84,300500,NYSE
BLK,05-Mar-2010,217.0,219.88,215.46,219.83,557100,NYSE
BLK,08-Mar-2010,219.83,219.83,216.44,218.12,293800,NYSE
BLK,09-Mar-2010,216.99,218.88,215.86,216.97,323000,NYSE
BLK,10-Mar-2010,217.8,218.88,215.39,215.7,501900,NYSE
BLK,11-Mar-2010,214.29,215.46,209.66,210.41,731400,NYSE
BLK,12-Mar-2010,211.98,213.74,208.35,210.0,601500,NYSE
BLK,15-Mar-2010,209.02,213.21,208.65,212.17,384700,NYSE
BLK,16-Mar-2010,213.51,213.51,210.59,212.35,290400,NYSE
BLK,17-Mar-2010,220.0,226.65,219.49,222.8,895200,NYSE
BLK,18-Mar-2010,223.01,227.0,222.27,225.66,405900,NYSE
BLK,19-Mar-2010,225.45,225.99,221.16,224.35,514600,NYSE
BLK,22-Mar-2010,223.0,225.8,222.01,225.7,296800,NYSE
BLK,23-Mar-2010,225.68,227.77,224.8,227.0,301100,NYSE
BLK,24-Mar-2010,226.01,226.92,223.75,225.0,327400,NYSE
BLK,25-Mar-2010,225.01,227.7,224.35,225.41,486400,NYSE
BLK,26-Mar-2010,225.93,225.94,218.08,219.27,538000,NYSE
BLK,29-Mar-2010,219.0,220.43,215.43,220.05,314500,NYSE
BLK,30-Mar-2010,220.01,220.12,217.72,219.13,222700,NYSE
BLK,31-Mar-2010,218.77,221.78,216.71,217.76,325400,NYSE
BLK,01-Apr-2010,211.44,211.98,206.95,211.05,1632400,NYSE
BLK,05-Apr-2010,210.69,210.69,205.57,206.0,645200,NYSE
BLK,06-Apr-2010,203.62,205.09,198.06,198.55,1400000,NYSE
BLK,07-Apr-2010,198.75,201.41,197.86,199.02,1117500,NYSE
BLK,08-Apr-2010,197.56,204.59,197.4,204.56,1329000,NYSE
BLK,09-Apr-2010,203.98,208.9,203.98,206.11,774600,NYSE
BLK,12-Apr-2010,205.37,207.0,204.65,205.8,561200,NYSE
BLK,13-Apr-2010,205.69,207.72,204.54,206.9,335800,NYSE
BLK,14-Apr-2010,208.2,211.43,207.51,211.38,586300,NYSE
BLK,15-Apr-2010,212.0,212.27,206.62,206.7,579700,NYSE
BLK,16-Apr-2010,206.1,206.68,199.23,200.75,821100,NYSE
BLK,19-Apr-2010,199.52,203.63,199.42,202.61,454700,NYSE
BLK,20-Apr-2010,204.85,204.85,201.77,203.18,319400,NYSE
BLK,21-Apr-2010,202.4,205.35,199.28,201.2,386600,NYSE
BLK,22-Apr-2010,202.0,208.33,200.66,207.79,698600,NYSE
BLK,23-Apr-2010,206.91,211.89,206.91,211.02,591700,NYSE
BLK,26-Apr-2010,204.3,204.3,192.4,192.95,1816700,NYSE
BLK,27-Apr-2010,192.0,193.78,185.01,185.5,1042100,NYSE
BLK,28-Apr-2010,187.79,190.99,181.18,184.44,1106300,NYSE
BLK,29-Apr-2010,186.85,191.17,185.52,190.39,699600,NYSE
BLK,30-Apr-2010,189.43,189.92,182.48,184.0,846500,NYSE
BLK,03-May-2010,185.61,187.41,184.26,185.76,420900,NYSE
BLK,04-May-2010,184.04,184.5,176.96,177.68,668100,NYSE
BLK,05-May-2010,174.4,178.44,173.49,174.8,766500,NYSE
BLK,06-May-2010,173.8,179.42,167.24,171.62,1279000,NYSE
BLK,07-May-2010,171.6,175.99,169.53,172.12,1232400,NYSE
BLK,10-May-2010,176.52,181.11,174.61,176.57,597400,NYSE
BLK,11-May-2010,174.62,174.62,169.76,170.99,940300,NYSE
BLK,12-May-2010,171.53,174.18,171.01,173.97,463800,NYSE
BLK,13-May-2010,174.24,175.26,172.05,172.37,314200,NYSE
BLK,14-May-2010,171.6,172.73,168.65,169.72,517000,NYSE
BLK,17-May-2010,169.54,172.7,167.14,171.0,552300,NYSE
BLK,18-May-2010,172.26,175.81,167.53,168.49,582800,NYSE
BLK,19-May-2010,167.92,169.65,164.0,167.95,535500,NYSE
BLK,20-May-2010,165.77,165.77,160.1,160.1,657700,NYSE
BLK,21-May-2010,159.18,167.05,158.0,166.47,1070700,NYSE
BLK,24-May-2010,167.51,169.68,161.95,161.96,586300,NYSE
BLK,25-May-2010,158.02,162.57,155.5,162.44,701700,NYSE
BLK,26-May-2010,164.75,165.78,162.34,164.04,1075200,NYSE
BLK,27-May-2010,168.64,172.48,166.35,172.39,725200,NYSE
BLK,28-May-2010,172.49,174.08,166.73,167.88,575800,NYSE
BLK,01-Jun-2010,165.09,167.88,162.9,163.2,338500,NYSE
BLK,02-Jun-2010,165.4,165.7,162.56,164.77,495800,NYSE
BLK,03-Jun-2010,167.88,167.88,162.22,163.84,353500,NYSE
BLK,04-Jun-2010,160.99,162.38,159.06,159.49,580500,NYSE
BLK,07-Jun-2010,160.62,162.18,157.32,157.5,546100,NYSE
BLK,08-Jun-2010,156.92,158.39,151.81,156.49,992000,NYSE
BLK,09-Jun-2010,158.85,158.85,154.39,154.91,507700,NYSE
BLK,10-Jun-2010,156.18,158.52,153.96,156.98,580700,NYSE
BLK,11-Jun-2010,154.11,159.26,154.11,159.14,328800,NYSE
BLK,14-Jun-2010,158.96,161.2,157.95,158.77,421300,NYSE
BLK,15-Jun-2010,159.99,163.29,158.84,163.28,343300,NYSE
BLK,16-Jun-2010,161.31,163.42,160.31,161.52,331700,NYSE
BLK,17-Jun-2010,162.26,162.39,157.69,159.37,341400,NYSE
BLK,18-Jun-2010,158.85,160.45,158.4,158.77,329000,NYSE
BLK,21-Jun-2010,160.78,161.85,157.02,157.92,406600,NYSE
BLK,22-Jun-2010,156.9,158.81,155.83,155.84,246000,NYSE
BLK,23-Jun-2010,155.46,156.6,153.95,155.05,299700,NYSE
BLK,24-Jun-2010,154.58,154.79,150.55,150.74,301100,NYSE
BLK,25-Jun-2010,150.66,155.67,150.28,152.34,676700,NYSE
BLK,28-Jun-2010,152.8,153.84,151.53,152.14,243300,NYSE
BLK,29-Jun-2010,149.47,149.93,145.2,145.6,469900,NYSE
BLK,30-Jun-2010,144.86,147.05,143.01,143.4,311300,NYSE
BLK,01-Jul-2010,145.35,145.35,138.42,140.32,639700,NYSE
BLK,02-Jul-2010,140.44,144.02,139.28,142.79,533500,NYSE
BLK,06-Jul-2010,144.18,147.61,143.35,145.21,473000,NYSE
BLK,07-Jul-2010,145.2,148.61,144.62,148.48,332500,NYSE
BLK,08-Jul-2010,149.91,152.25,148.88,152.25,462700,NYSE
BLK,09-Jul-2010,151.94,155.26,150.55,154.97,373200,NYSE
BLK,12-Jul-2010,153.92,155.69,152.94,154.15,194200,NYSE
BLK,13-Jul-2010,155.24,158.45,155.11,156.9,366800,NYSE
BLK,14-Jul-2010,156.68,156.76,153.11,155.25,266900,NYSE
BLK,15-Jul-2010,154.77,155.38,151.02,153.99,278600,NYSE
BLK,16-Jul-2010,152.95,152.97,148.96,149.14,360300,NYSE
BLK,19-Jul-2010,150.0,150.21,146.84,148.13,201800,NYSE
BLK,20-Jul-2010,146.36,149.47,145.2,149.36,443000,NYSE
BLK,21-Jul-2010,150.25,150.99,141.01,143.33,1127600,NYSE
BLK,22-Jul-2010,144.65,152.2,144.0,151.21,587100,NYSE
BLK,23-Jul-2010,150.28,155.59,150.01,154.49,464100,NYSE
BLK,26-Jul-2010,155.25,159.89,155.01,159.65,439200,NYSE
BLK,27-Jul-2010,160.29,162.64,157.19,157.58,388400,NYSE
BLK,28-Jul-2010,158.2,159.99,155.43,157.0,308500,NYSE
BLK,29-Jul-2010,158.0,159.96,155.71,158.24,438000,NYSE
BLK,30-Jul-2010,156.6,159.24,156.0,157.49,313600,NYSE
BLK,02-Aug-2010,160.0,163.51,160.0,162.85,369100,NYSE
BLK,03-Aug-2010,162.85,162.94,160.35,160.84,345200,NYSE
BLK,04-Aug-2010,160.64,161.25,157.19,160.43,489400,NYSE
BLK,05-Aug-2010,159.5,161.57,159.06,160.52,221900,NYSE
BLK,06-Aug-2010,159.83,159.83,154.24,157.16,542600,NYSE
BLK,09-Aug-2010,158.31,160.36,157.61,159.65,294100,NYSE
BLK,10-Aug-2010,158.89,161.01,157.5,159.41,329500,NYSE
BLK,11-Aug-2010,154.78,156.29,152.73,152.95,336600,NYSE
BLK,12-Aug-2010,151.75,151.75,149.34,149.5,423300,NYSE
BLK,13-Aug-2010,149.0,153.91,148.99,151.58,295100,NYSE
BLK,16-Aug-2010,150.35,151.25,148.99,150.82,303000,NYSE
BLK,17-Aug-2010,152.25,153.4,151.37,151.9,203200,NYSE
BLK,18-Aug-2010,151.71,152.74,149.51,150.48,227400,NYSE
BLK,19-Aug-2010,149.95,151.43,147.0,147.33,411000,NYSE
BLK,20-Aug-2010,147.0,147.5,144.5,145.4,536800,NYSE
BLK,23-Aug-2010,145.71,146.0,142.64,143.15,433700,NYSE
BLK,24-Aug-2010,141.47,142.2,140.08,141.39,434800,NYSE
BLK,25-Aug-2010,140.02,141.64,139.36,141.2,428500,NYSE
BLK,26-Aug-2010,141.77,142.25,139.44,139.44,265500,NYSE
BLK,27-Aug-2010,140.42,141.73,139.16,141.15,302800,NYSE
BLK,30-Aug-2010,141.34,143.3,140.88,142.17,337800,NYSE
BLK,31-Aug-2010,141.33,142.18,140.25,141.95,360700,NYSE
BLK,01-Sep-2010,144.63,147.12,143.21,146.57,318500,NYSE
BLK,02-Sep-2010,145.5,149.61,145.5,149.3,317200,NYSE
BLK,03-Sep-2010,150.2,151.59,150.09,151.55,300300,NYSE
BLK,07-Sep-2010,150.9,151.83,150.34,150.78,226300,NYSE
BLK,08-Sep-2010,150.25,152.83,150.25,151.94,367200,NYSE
BLK,09-Sep-2010,154.05,156.0,148.54,150.74,463200,NYSE
BLK,10-Sep-2010,150.78,151.57,149.75,151.16,292500,NYSE
BLK,13-Sep-2010,152.71,154.0,149.98,150.69,385800,NYSE
BLK,14-Sep-2010,150.93,160.5,149.95,159.55,1011800,NYSE
BLK,15-Sep-2010,158.31,165.81,158.31,164.9,735900,NYSE
BLK,16-Sep-2010,163.37,164.39,160.54,162.54,429500,NYSE
BLK,17-Sep-2010,163.24,165.45,161.06,165.05,544000,NYSE
BLK,20-Sep-2010,165.78,172.19,165.78,171.68,749400,NYSE
BLK,21-Sep-2010,172.67,172.87,166.68,167.75,764600,NYSE
BLK,22-Sep-2010,168.21,169.4,164.76,165.74,469300,NYSE
BLK,23-Sep-2010,165.74,165.74,160.86,161.67,676200,NYSE
BLK,24-Sep-2010,164.21,167.4,164.0,167.23,299200,NYSE
BLK,27-Sep-2010,163.58,167.25,163.42,165.9,377100,NYSE
BLK,28-Sep-2010,167.0,168.79,164.79,168.67,394500,NYSE
BLK,29-Sep-2010,167.61,170.26,167.61,168.76,561200,NYSE
BLK,30-Sep-2010,169.99,172.0,169.5,170.25,728600,NYSE
BLK,01-Oct-2010,171.8,171.8,169.35,171.34,416300,NYSE
BLK,04-Oct-2010,171.56,171.56,169.06,170.91,453300,NYSE
BLK,05-Oct-2010,167.0,172.47,166.17,171.31,846300,NYSE
BLK,06-Oct-2010,170.06,171.37,169.59,171.35,439800,NYSE
BLK,07-Oct-2010,171.6,172.86,170.8,170.95,305900,NYSE
BLK,08-Oct-2010,172.0,174.84,170.92,174.5,406500,NYSE
BLK,11-Oct-2010,175.72,177.8,175.2,177.24,566800,NYSE
BLK,12-Oct-2010,176.22,178.75,174.63,178.61,453900,NYSE
BLK,13-Oct-2010,179.4,181.0,178.02,179.24,401500,NYSE
BLK,14-Oct-2010,178.61,180.13,177.28,177.75,724400,NYSE
BLK,15-Oct-2010,176.5,177.85,175.0,175.74,339500,NYSE
BLK,18-Oct-2010,175.12,177.33,175.12,176.5,447900,NYSE
BLK,19-Oct-2010,174.75,176.0,173.0,174.63,380700,NYSE
BLK,20-Oct-2010,174.48,174.93,168.07,169.51,1435400,NYSE
BLK,21-Oct-2010,169.98,170.07,165.17,166.26,924200,NYSE
BLK,22-Oct-2010,167.35,170.04,166.92,167.56,593200,NYSE
BLK,25-Oct-2010,167.71,169.63,167.71,168.39,765200,NYSE
BLK,26-Oct-2010,167.85,169.24,167.0,168.62,329500,NYSE
BLK,27-Oct-2010,167.72,168.69,166.21,168.5,314200,NYSE
BLK,28-Oct-2010,169.15,169.85,167.7,168.13,319500,NYSE
BLK,29-Oct-2010,168.58,171.25,168.25,170.99,578300,NYSE
BLK,01-Nov-2010,171.74,174.47,170.16,171.85,302800,NYSE
BLK,02-Nov-2010,173.83,174.35,172.6,173.04,211400,NYSE
BLK,03-Nov-2010,166.48,168.9,164.01,165.66,1959200,NYSE
BLK,04-Nov-2010,167.49,169.96,166.71,169.01,2337700,NYSE
BLK,05-Nov-2010,169.09,173.96,169.03,173.15,1184500,NYSE
BLK,08-Nov-2010,171.99,172.28,168.89,169.09,2274200,NYSE
BLK,09-Nov-2010,165.61,167.5,164.34,164.51,16343800,NYSE
BLK,10-Nov-2010,165.63,168.95,165.11,168.48,5091200,NYSE
BLK,11-Nov-2010,168.0,172.41,166.04,171.2,3136300,NYSE
BLK,12-Nov-2010,170.32,173.08,167.5,173.07,3350400,NYSE
BLK,15-Nov-2010,173.72,173.75,170.92,173.08,1715300,NYSE
BLK,16-Nov-2010,170.86,172.35,165.78,167.28,2309400,NYSE
BLK,17-Nov-2010,168.25,170.01,167.04,168.93,1930000,NYSE
BLK,18-Nov-2010,171.33,171.92,168.87,169.15,2262600,NYSE
BLK,19-Nov-2010,169.63,170.0,166.81,168.98,842000,NYSE
BLK,22-Nov-2010,168.56,169.8,166.26,166.87,1076900,NYSE
BLK,23-Nov-2010,166.0,166.07,162.55,163.03,1200400,NYSE
BLK,24-Nov-2010,165.06,166.45,164.43,165.89,948800,NYSE
BLK,26-Nov-2010,165.14,165.97,164.01,164.6,234500,NYSE
BLK,29-Nov-2010,164.14,164.43,161.53,163.1,1046200,NYSE
BLK,30-Nov-2010,162.28,164.0,162.0,163.0,1147500,NYSE
BLK,01-Dec-2010,164.5,167.75,163.75,167.62,1506800,NYSE
BLK,02-Dec-2010,168.12,171.88,168.09,171.85,1048300,NYSE
BLK,03-Dec-2010,170.54,172.76,168.06,172.35,719500,NYSE
BLK,06-Dec-2010,172.69,172.95,169.95,171.48,747500,NYSE
BLK,07-Dec-2010,173.01,174.47,169.6,171.39,1323400,NYSE
BLK,08-Dec-2010,171.51,174.3,171.25,173.7,848800,NYSE
BLK,09-Dec-2010,178.13,179.9,175.13,179.82,1489500,NYSE
BLK,10-Dec-2010,179.8,183.11,178.5,183.05,1981900,NYSE
BLK,13-Dec-2010,184.0,185.28,181.57,181.88,925600,NYSE
BLK,14-Dec-2010,181.94,184.23,181.34,182.66,713700,NYSE
BLK,15-Dec-2010,183.01,184.13,180.65,180.9,745400,NYSE
BLK,16-Dec-2010,181.65,183.3,178.23,183.11,937800,NYSE
BLK,17-Dec-2010,182.49,189.03,181.25,187.2,3979600,NYSE
BLK,20-Dec-2010,187.53,189.0,185.46,188.5,1502100,NYSE
BLK,21-Dec-2010,189.44,192.58,188.74,192.51,889100,NYSE
BLK,22-Dec-2010,193.39,193.74,190.31,190.96,678600,NYSE
BLK,23-Dec-2010,190.72,191.74,188.41,188.67,356200,NYSE
BLK,27-Dec-2010,188.56,189.97,187.03,189.26,387800,NYSE
BLK,28-Dec-2010,189.2,190.0,187.35,189.41,304300,NYSE
BLK,29-Dec-2010,190.54,191.47,189.36,190.82,379500,NYSE
BLK,30-Dec-2010,189.8,190.6,187.72,188.02,378900,NYSE
BLK,31-Dec-2010,188.5,190.6,187.36,190.58,480600,NYSE
BLK,03-Jan-2011,191.52,195.0,189.53,190.19,1085100,NYSE
BLK,04-Jan-2011,191.26,191.5,188.71,190.04,794300,NYSE
BLK,05-Jan-2011,190.03,192.84,189.25,192.0,925200,NYSE
BLK,06-Jan-2011,192.68,192.79,188.36,189.93,727400,NYSE
BLK,07-Jan-2011,191.52,191.52,185.46,188.36,886100,NYSE
BLK,10-Jan-2011,188.06,191.54,187.43,191.17,898200,NYSE
BLK,11-Jan-2011,191.87,195.68,190.72,193.42,733900,NYSE
BLK,12-Jan-2011,194.7,195.24,191.04,193.84,818000,NYSE
BLK,13-Jan-2011,193.84,196.09,192.49,195.81,608900,NYSE
BLK,14-Jan-2011,195.33,199.1,193.67,199.06,808100,NYSE
BLK,18-Jan-2011,199.98,199.99,193.75,196.52,811900,NYSE
BLK,19-Jan-2011,195.76,196.94,191.0,191.56,774200,NYSE
BLK,20-Jan-2011,192.74,193.01,189.25,190.87,806700,NYSE
BLK,21-Jan-2011,192.46,194.65,191.3,193.07,627300,NYSE
BLK,24-Jan-2011,194.23,194.9,191.31,193.58,789800,NYSE
BLK,25-Jan-2011,199.34,199.87,194.92,198.01,1361900,NYSE
BLK,26-Jan-2011,199.16,200.83,196.92,199.96,1313600,NYSE
BLK,27-Jan-2011,200.76,202.06,198.75,201.73,729500,NYSE
BLK,28-Jan-2011,201.38,201.47,193.95,194.28,1041600,NYSE
BLK,31-Jan-2011,194.6,198.2,194.54,198.02,702200,NYSE
BLK,01-Feb-2011,199.23,202.0,198.5,201.23,639100,NYSE
BLK,02-Feb-2011,199.57,199.99,197.03,197.64,778100,NYSE
BLK,03-Feb-2011,197.0,197.82,194.51,196.82,462000,NYSE
BLK,04-Feb-2011,197.65,197.65,194.06,194.35,702100,NYSE
BLK,07-Feb-2011,195.26,198.5,195.0,196.0,808300,NYSE
BLK,08-Feb-2011,196.78,199.45,195.06,199.37,727500,NYSE
BLK,09-Feb-2011,198.27,200.65,197.26,199.62,446900,NYSE
BLK,10-Feb-2011,198.01,201.59,198.01,200.71,486800,NYSE
BLK,11-Feb-2011,200.01,203.6,199.0,203.42,472900,NYSE
BLK,14-Feb-2011,203.5,206.44,202.59,205.01,672400,NYSE
BLK,15-Feb-2011,203.61,206.0,202.54,205.66,457700,NYSE
BLK,16-Feb-2011,206.03,207.0,204.0,205.34,458100,NYSE
BLK,17-Feb-2011,204.96,205.48,202.8,204.59,378900,NYSE
BLK,18-Feb-2011,204.76,207.47,202.9,206.67,516800,NYSE
BLK,22-Feb-2011,203.41,204.16,197.91,198.41,537400,NYSE
BLK,23-Feb-2011,199.0,199.83,194.38,195.13,683000,NYSE
BLK,24-Feb-2011,195.79,201.44,193.58,201.2,832400,NYSE
BLK,25-Feb-2011,202.99,204.55,201.44,203.92,864000,NYSE
BLK,28-Feb-2011,203.11,205.61,200.51,203.99,685200,NYSE
BLK,01-Mar-2011,209.77,209.77,200.9,201.43,748000,NYSE
BLK,02-Mar-2011,200.73,202.03,198.74,198.85,710000,NYSE
BLK,03-Mar-2011,199.37,207.16,199.21,207.06,704700,NYSE
BLK,04-Mar-2011,207.18,207.44,201.01,201.89,537300,NYSE
BLK,07-Mar-2011,202.5,203.11,196.64,198.24,654600,NYSE
BLK,08-Mar-2011,199.08,200.39,196.85,198.83,564400,NYSE
BLK,09-Mar-2011,198.07,198.78,195.65,196.9,552400,NYSE
BLK,10-Mar-2011,194.38,196.21,188.91,190.38,944600,NYSE
BLK,11-Mar-2011,190.75,191.92,188.32,189.98,593600,NYSE
BLK,14-Mar-2011,188.68,189.18,185.59,188.43,582900,NYSE
BLK,15-Mar-2011,184.83,186.78,180.29,185.7,792300,NYSE
BLK,16-Mar-2011,185.2,186.23,179.52,179.77,915896,NYSE
BLK,17-Mar-2011,183.29,184.54,181.72,183.96,675000,NYSE
BLK,18-Mar-2011,185.28,186.76,183.09,184.55,748500,NYSE
BLK,21-Mar-2011,186.62,187.13,185.0,186.0,461700,NYSE
BLK,22-Mar-2011,185.63,186.34,184.68,185.03,509900,NYSE
BLK,23-Mar-2011,184.78,185.14,181.37,183.7,525600,NYSE
BLK,24-Mar-2011,183.95,186.5,183.95,185.55,1011100,NYSE
BLK,25-Mar-2011,186.59,189.02,185.55,188.24,592500,NYSE
BLK,28-Mar-2011,189.3,190.68,187.19,187.47,570300,NYSE
BLK,29-Mar-2011,186.42,187.87,185.2,186.5,975600,NYSE
BLK,30-Mar-2011,196.34,200.1,194.88,198.84,4569800,NYSE
BLK,31-Mar-2011,198.1,201.04,198.1,201.01,2705000,NYSE
BLK,01-Apr-2011,202.05,204.5,202.0,202.43,18681300,NYSE
BLK,04-Apr-2011,201.4,202.8,199.82,200.99,1768800,NYSE
BLK,05-Apr-2011,200.25,202.2,198.93,199.48,1303600,NYSE
BLK,06-Apr-2011,200.74,200.75,198.7,199.22,1058700,NYSE
BLK,07-Apr-2011,199.65,199.79,196.8,197.99,959900,NYSE
BLK,08-Apr-2011,199.0,199.91,195.31,196.1,817200,NYSE
BLK,11-Apr-2011,195.85,197.29,195.52,195.95,797900,NYSE
BLK,12-Apr-2011,197.21,197.21,193.92,194.78,904900,NYSE
BLK,13-Apr-2011,196.03,196.93,193.28,194.68,1180100,NYSE
BLK,14-Apr-2011,193.16,194.29,192.15,193.38,679500,NYSE
BLK,15-Apr-2011,194.96,195.09,192.55,193.24,681700,NYSE
BLK,18-Apr-2011,191.08,192.99,189.06,190.55,971300,NYSE
BLK,19-Apr-2011,191.32,192.03,189.35,192.03,708700,NYSE
BLK,20-Apr-2011,194.38,196.48,192.8,193.72,985400,NYSE
BLK,21-Apr-2011,195.8,199.21,194.12,198.88,959300,NYSE
BLK,25-Apr-2011,199.99,199.99,195.9,197.13,803400,NYSE
BLK,26-Apr-2011,197.41,199.5,196.74,198.93,565200,NYSE
BLK,27-Apr-2011,199.14,200.41,196.78,199.9,746300,NYSE
BLK,28-Apr-2011,199.01,199.34,196.53,198.0,534100,NYSE
BLK,29-Apr-2011,197.85,198.27,194.88,195.94,453700,NYSE
BLK,02-May-2011,196.86,197.5,195.31,195.53,462900,NYSE
BLK,03-May-2011,197.61,197.61,192.01,194.07,570700,NYSE
BLK,04-May-2011,197.06,197.85,192.62,194.01,575200,NYSE
BLK,05-May-2011,193.22,193.88,190.74,191.47,516800,NYSE
BLK,06-May-2011,194.23,197.56,193.89,195.74,746900,NYSE
BLK,09-May-2011,197.32,197.32,194.23,196.67,431500,NYSE
BLK,10-May-2011,197.0,198.16,195.67,198.0,423100,NYSE
BLK,11-May-2011,197.15,197.15,194.17,194.52,503200,NYSE
BLK,12-May-2011,194.16,196.0,192.08,195.88,486100,NYSE
BLK,13-May-2011,196.22,196.67,193.89,194.24,299700,NYSE
BLK,16-May-2011,192.26,195.9,191.73,191.95,456700,NYSE
BLK,17-May-2011,191.08,191.95,187.47,190.54,607900,NYSE
BLK,18-May-2011,190.48,193.75,189.5,193.25,361900,NYSE
BLK,19-May-2011,198.11,199.86,196.03,198.1,916600,NYSE
BLK,20-May-2011,198.0,199.99,197.33,197.51,566200,NYSE
BLK,23-May-2011,195.57,196.2,193.51,194.74,542500,NYSE
BLK,24-May-2011,192.54,194.23,191.52,193.05,1056200,NYSE
BLK,25-May-2011,193.0,195.86,193.0,195.41,625600,NYSE
BLK,26-May-2011,195.42,198.22,194.0,197.54,629800,NYSE
BLK,27-May-2011,198.0,201.18,197.7,200.67,662900,NYSE
BLK,31-May-2011,202.5,205.56,201.38,205.56,897600,NYSE
BLK,01-Jun-2011,207.25,207.42,199.29,199.35,1055200,NYSE
BLK,02-Jun-2011,199.43,201.03,197.89,199.58,600500,NYSE
BLK,03-Jun-2011,196.28,196.33,193.54,193.63,753800,NYSE
BLK,06-Jun-2011,192.88,193.98,187.51,187.85,795500,NYSE
BLK,07-Jun-2011,189.04,191.57,188.48,189.64,678400,NYSE
BLK,08-Jun-2011,189.26,190.86,188.94,189.69,600200,NYSE
BLK,09-Jun-2011,190.19,193.15,187.44,192.32,440400,NYSE
BLK,10-Jun-2011,190.11,191.69,185.27,185.82,896000,NYSE
BLK,13-Jun-2011,186.21,189.22,186.0,188.93,762000,NYSE
BLK,14-Jun-2011,191.71,193.0,191.12,192.56,516800,NYSE
BLK,15-Jun-2011,190.53,191.38,185.51,186.32,826500,NYSE
BLK,16-Jun-2011,186.99,189.0,185.19,188.13,826700,NYSE
BLK,17-Jun-2011,190.95,191.0,186.9,187.34,659100,NYSE
BLK,20-Jun-2011,186.85,189.79,186.14,189.4,407200,NYSE
BLK,21-Jun-2011,190.35,191.85,188.67,190.73,542900,NYSE
BLK,22-Jun-2011,189.69,191.41,189.08,189.14,590400,NYSE
BLK,23-Jun-2011,186.17,187.99,184.71,187.37,690400,NYSE
BLK,24-Jun-2011,187.48,187.86,183.51,184.39,771600,NYSE
BLK,27-Jun-2011,184.56,187.42,184.1,187.07,434400,NYSE
BLK,28-Jun-2011,187.47,189.28,186.2,189.26,593300,NYSE
BLK,29-Jun-2011,190.48,192.5,189.23,191.89,829100,NYSE
BLK,30-Jun-2011,192.81,193.28,189.84,191.81,782200,NYSE
BLK,01-Jul-2011,192.05,196.64,191.1,196.42,741000,NYSE
BLK,05-Jul-2011,195.44,196.35,194.18,194.51,402200,NYSE
BLK,06-Jul-2011,194.19,195.78,193.09,195.55,570500,NYSE
BLK,07-Jul-2011,197.76,199.1,197.05,198.49,414200,NYSE
BLK,08-Jul-2011,195.25,195.85,193.86,195.45,618100,NYSE
BLK,11-Jul-2011,190.17,192.45,185.82,186.38,835500,NYSE
BLK,12-Jul-2011,185.4,188.56,183.5,183.69,943700,NYSE
BLK,13-Jul-2011,185.23,187.0,184.5,185.05,765200,NYSE
BLK,14-Jul-2011,186.35,186.81,181.76,182.27,672300,NYSE
BLK,15-Jul-2011,187.79,187.8,182.35,184.54,745600,NYSE
BLK,18-Jul-2011,184.24,184.24,178.78,180.25,700900,NYSE
BLK,19-Jul-2011,181.49,183.94,179.71,183.69,1211400,NYSE
BLK,20-Jul-2011,189.57,191.49,184.14,184.5,915800,NYSE
BLK,21-Jul-2011,184.75,188.58,184.75,187.72,728600,NYSE
BLK,22-Jul-2011,188.21,189.99,187.5,187.92,572400,NYSE
BLK,25-Jul-2011,185.5,187.42,184.2,186.0,393300,NYSE
BLK,26-Jul-2011,188.73,188.73,183.52,184.42,762100,NYSE
BLK,27-Jul-2011,184.58,184.58,175.65,176.84,1612400,NYSE
BLK,28-Jul-2011,177.34,178.26,174.05,175.07,1279400,NYSE
BLK,29-Jul-2011,172.5,179.58,172.38,178.46,1279100,NYSE
BLK,01-Aug-2011,181.4,181.5,175.09,178.36,978700,NYSE
BLK,02-Aug-2011,179.52,179.52,173.95,174.49,1145200,NYSE
BLK,03-Aug-2011,174.61,176.71,169.54,173.45,1490600,NYSE
BLK,04-Aug-2011,170.88,172.68,162.88,163.25,1275900,NYSE
BLK,05-Aug-2011,165.61,167.56,157.0,161.58,1897200,NYSE
BLK,08-Aug-2011,154.03,159.74,145.14,145.25,1855200,NYSE
BLK,09-Aug-2011,150.02,156.69,144.64,156.54,2030800,NYSE
BLK,10-Aug-2011,151.57,155.12,145.87,148.06,1944200,NYSE
BLK,11-Aug-2011,150.05,164.52,148.67,161.98,1968200,NYSE
BLK,12-Aug-2011,167.06,168.5,159.91,161.07,947700,NYSE
BLK,15-Aug-2011,162.63,165.64,162.01,165.14,782800,NYSE
BLK,16-Aug-2011,161.21,164.81,158.91,161.16,874800,NYSE
BLK,17-Aug-2011,161.33,164.68,159.38,161.18,824700,NYSE
BLK,18-Aug-2011,157.76,157.76,150.5,152.28,1029300,NYSE
BLK,19-Aug-2011,150.25,156.04,150.0,151.33,1195400,NYSE
BLK,22-Aug-2011,155.24,156.47,151.48,152.17,1197100,NYSE
BLK,23-Aug-2011,153.3,159.44,150.24,159.41,1118000,NYSE
BLK,24-Aug-2011,158.35,163.73,156.76,163.73,707500,NYSE
BLK,25-Aug-2011,165.23,167.97,157.01,158.64,1036600,NYSE
BLK,26-Aug-2011,158.05,163.01,154.58,160.99,742500,NYSE
BLK,29-Aug-2011,163.77,168.29,163.0,168.18,594200,NYSE
BLK,30-Aug-2011,167.25,168.94,165.64,167.0,627300,NYSE
BLK,31-Aug-2011,166.57,167.34,163.07,164.75,1460800,NYSE
BLK,01-Sep-2011,164.72,166.4,162.15,162.68,814100,NYSE
BLK,02-Sep-2011,160.19,161.07,155.05,156.04,775600,NYSE
BLK,06-Sep-2011,149.26,152.62,148.9,152.41,1055300,NYSE
BLK,07-Sep-2011,154.81,159.02,154.23,158.91,924600,NYSE
BLK,08-Sep-2011,157.75,158.31,155.52,155.86,909700,NYSE
BLK,09-Sep-2011,154.49,154.94,150.08,151.07,879000,NYSE
BLK,12-Sep-2011,149.26,152.05,148.1,151.3,939600,NYSE
BLK,13-Sep-2011,153.36,153.68,150.07,151.22,1192200,NYSE
BLK,14-Sep-2011,153.0,154.32,149.1,152.3,1101700,NYSE
BLK,15-Sep-2011,154.23,159.46,153.5,159.18,1009700,NYSE
BLK,16-Sep-2011,159.98,161.89,157.71,160.88,1152800,NYSE
BLK,19-Sep-2011,156.5,157.72,154.5,156.25,714000,NYSE
BLK,20-Sep-2011,157.54,159.42,155.34,155.58,702100,NYSE
BLK,21-Sep-2011,155.39,156.83,147.21,147.22,895700,NYSE
BLK,22-Sep-2011,142.66,145.45,140.22,144.75,1301300,NYSE
BLK,23-Sep-2011,143.56,147.88,142.79,147.63,770700,NYSE
BLK,26-Sep-2011,148.01,150.64,144.68,150.35,872400,NYSE
BLK,27-Sep-2011,153.9,157.75,151.14,152.49,1187900,NYSE
BLK,28-Sep-2011,157.72,157.72,148.26,148.55,955300,NYSE
BLK,29-Sep-2011,152.73,152.78,148.07,151.66,1147300,NYSE
BLK,30-Sep-2011,149.36,151.57,147.61,148.01,1095500,NYSE
BLK,03-Oct-2011,146.81,148.7,141.43,141.77,1041800,NYSE
BLK,04-Oct-2011,140.06,147.57,137.0,147.2,1279300,NYSE
BLK,05-Oct-2011,147.52,151.14,145.51,150.49,869200,NYSE
BLK,06-Oct-2011,150.47,152.19,145.3,151.67,780900,NYSE
BLK,07-Oct-2011,152.35,153.0,147.69,147.78,1009700,NYSE
BLK,10-Oct-2011,152.88,156.72,150.93,155.25,1081300,NYSE
BLK,11-Oct-2011,153.45,155.44,152.02,153.06,776100,NYSE
BLK,12-Oct-2011,154.49,160.19,154.33,156.0,1218900,NYSE
BLK,13-Oct-2011,155.53,155.53,149.52,153.65,1038000,NYSE
BLK,14-Oct-2011,154.05,159.49,154.05,155.91,1061200,NYSE
BLK,17-Oct-2011,154.25,155.37,150.25,150.73,619600,NYSE
BLK,18-Oct-2011,151.06,157.76,150.28,156.3,1155100,NYSE
BLK,19-Oct-2011,154.0,154.0,148.06,148.92,1541000,NYSE
BLK,20-Oct-2011,149.04,153.51,146.53,152.16,1160200,NYSE
BLK,21-Oct-2011,155.02,155.75,152.15,154.32,941200,NYSE
BLK,24-Oct-2011,155.7,158.34,154.13,157.48,776300,NYSE
BLK,25-Oct-2011,158.23,158.23,149.93,150.38,916000,NYSE
BLK,26-Oct-2011,153.23,155.25,151.42,154.37,963600,NYSE
BLK,27-Oct-2011,159.97,170.42,159.66,169.12,2000600,NYSE
BLK,28-Oct-2011,169.1,170.8,165.23,169.78,939300,NYSE
BLK,31-Oct-2011,166.51,166.92,157.75,157.79,1355700,NYSE
BLK,01-Nov-2011,152.09,155.13,149.84,150.0,1845800,NYSE
BLK,02-Nov-2011,152.63,155.99,150.74,155.52,772100,NYSE
BLK,03-Nov-2011,157.13,160.22,153.05,159.26,840900,NYSE
BLK,04-Nov-2011,157.02,158.68,154.57,157.6,541000,NYSE
BLK,07-Nov-2011,158.01,160.24,155.6,160.05,720700,NYSE
BLK,08-Nov-2011,163.39,163.91,159.43,163.16,816800,NYSE
BLK,09-Nov-2011,159.06,159.06,152.99,153.23,1086800,NYSE
BLK,10-Nov-2011,156.27,160.76,154.46,159.88,1170000,NYSE
BLK,11-Nov-2011,162.13,166.0,160.5,164.33,946100,NYSE
BLK,14-Nov-2011,162.8,165.19,161.77,163.12,762200,NYSE
BLK,15-Nov-2011,162.88,168.33,162.4,165.88,1068100,NYSE
BLK,16-Nov-2011,163.43,164.88,160.94,161.33,809900,NYSE
BLK,17-Nov-2011,160.96,163.16,158.74,159.6,1014600,NYSE
BLK,18-Nov-2011,160.89,161.2,158.12,159.26,667800,NYSE
BLK,21-Nov-2011,156.43,158.0,154.29,156.61,640300,NYSE
BLK,22-Nov-2011,156.3,157.66,154.06,155.81,562700,NYSE
BLK,23-Nov-2011,153.78,154.9,151.44,151.49,894600,NYSE
BLK,25-Nov-2011,151.39,153.77,150.35,151.27,217000,NYSE
BLK,28-Nov-2011,157.81,160.34,157.35,159.83,975100,NYSE
BLK,29-Nov-2011,160.02,162.79,158.91,161.03,877600,NYSE
BLK,30-Nov-2011,167.6,172.53,166.07,172.04,1388100,NYSE
BLK,01-Dec-2011,169.5,170.24,165.45,167.41,752400,NYSE
BLK,02-Dec-2011,169.65,173.22,168.12,169.02,618100,NYSE
BLK,05-Dec-2011,172.94,176.5,172.12,176.31,1009200,NYSE
BLK,06-Dec-2011,176.23,176.23,172.0,173.46,530000,NYSE
BLK,07-Dec-2011,172.89,175.21,170.98,174.37,497800,NYSE
BLK,08-Dec-2011,172.65,172.89,167.13,167.5,714900,NYSE
BLK,09-Dec-2011,168.61,173.55,168.29,172.68,729500,NYSE
BLK,12-Dec-2011,166.34,170.32,166.34,169.48,531900,NYSE
BLK,13-Dec-2011,171.0,172.34,165.37,167.75,498000,NYSE
BLK,14-Dec-2011,166.8,168.68,165.28,166.94,691100,NYSE
BLK,15-Dec-2011,169.88,169.95,167.5,167.84,443600,NYSE
BLK,16-Dec-2011,168.72,170.89,167.87,170.33,940800,NYSE
BLK,19-Dec-2011,170.57,170.89,165.09,165.6,667400,NYSE
BLK,20-Dec-2011,169.54,173.91,169.22,173.14,608300,NYSE
BLK,21-Dec-2011,173.34,174.46,170.11,173.35,601800,NYSE
BLK,22-Dec-2011,173.88,176.2,173.51,175.49,588500,NYSE
BLK,23-Dec-2011,176.7,178.73,175.0,178.41,313000,NYSE
BLK,27-Dec-2011,178.18,179.77,177.02,177.84,310600,NYSE
BLK,28-Dec-2011,177.88,177.88,175.9,176.44,300900,NYSE
BLK,29-Dec-2011,177.4,179.5,176.55,179.4,342100,NYSE
BLK,30-Dec-2011,179.4,179.43,177.87,178.24,252100,NYSE
