name,date,open_price,close_price,high_price,low_price,volume,market
SOL,04-Jan-2010,24.65,25.5,24.2,25.5,2446600,NYSE
SOL,05-Jan-2010,25.5,26.75,25.35,26.25,3238900,NYSE
SOL,06-Jan-2010,27.55,29.7,27.1,29.35,6393500,NYSE
SOL,07-Jan-2010,29.3,30.65,27.9,28.3,5252000,NYSE
SOL,08-Jan-2010,28.55,29.0,27.95,28.8,2461300,NYSE
SOL,11-Jan-2010,29.55,30.75,29.2,30.65,4329900,NYSE
SOL,12-Jan-2010,29.9,30.2,28.75,29.45,2786900,NYSE
SOL,13-Jan-2010,29.05,29.25,28.25,28.75,2415200,NYSE
SOL,14-Jan-2010,29.1,29.5,26.85,26.85,3712400,NYSE
SOL,15-Jan-2010,27.1,27.25,25.4,25.5,2492000,NYSE
SOL,19-Jan-2010,25.4,26.5,25.0,26.2,2149500,NYSE
SOL,20-Jan-2010,25.55,27.0,25.55,26.0,2060800,NYSE
SOL,21-Jan-2010,25.75,26.7,24.85,25.25,2175700,NYSE
SOL,22-Jan-2010,25.1,25.1,22.5,23.05,3362000,NYSE
SOL,25-Jan-2010,23.75,24.3,23.15,23.8,1753600,NYSE
SOL,26-Jan-2010,23.75,25.1,23.3,24.55,1857500,NYSE
SOL,27-Jan-2010,24.55,24.9,23.25,24.0,1162300,NYSE
SOL,28-Jan-2010,24.5,24.8,23.0,23.15,1136100,NYSE
SOL,29-Jan-2010,23.15,23.8,21.65,22.0,1234500,NYSE
SOL,01-Feb-2010,22.9,24.0,22.6,23.8,861300,NYSE
SOL,02-Feb-2010,24.2,24.7,23.8,24.6,902900,NYSE
SOL,03-Feb-2010,24.95,25.2,24.25,24.5,1003700,NYSE
SOL,04-Feb-2010,24.2,24.3,22.1,22.35,1273400,NYSE
SOL,05-Feb-2010,22.8,23.05,21.6,22.7,1630100,NYSE
SOL,08-Feb-2010,22.8,23.5,22.0,22.4,1087300,NYSE
SOL,09-Feb-2010,23.3,23.35,22.45,22.8,694900,NYSE
SOL,10-Feb-2010,22.95,23.4,22.2,22.4,622100,NYSE
SOL,11-Feb-2010,24.7,25.4,23.95,24.45,3052200,NYSE
SOL,12-Feb-2010,24.65,25.7,24.1,25.15,1754100,NYSE
SOL,16-Feb-2010,25.5,26.65,25.45,26.6,1466000,NYSE
SOL,17-Feb-2010,26.9,27.2,25.8,26.65,1159500,NYSE
SOL,18-Feb-2010,26.6,26.75,25.75,26.05,754700,NYSE
SOL,19-Feb-2010,25.3,25.85,24.8,25.55,1021000,NYSE
SOL,22-Feb-2010,25.1,25.9,24.85,25.25,817000,NYSE
SOL,23-Feb-2010,25.45,25.45,24.05,24.65,752300,NYSE
SOL,24-Feb-2010,24.6,25.3,24.55,25.2,765900,NYSE
SOL,25-Feb-2010,25.15,26.05,24.9,25.95,2112200,NYSE
SOL,26-Feb-2010,25.8,26.15,25.15,25.35,914100,NYSE
SOL,01-Mar-2010,25.9,26.0,25.5,26.0,774800,NYSE
SOL,02-Mar-2010,25.95,26.25,25.65,26.15,700700,NYSE
SOL,03-Mar-2010,26.25,27.45,26.15,26.9,1202700,NYSE
SOL,04-Mar-2010,27.3,27.55,26.75,27.05,852300,NYSE
SOL,05-Mar-2010,27.0,27.5,26.85,27.5,717700,NYSE
SOL,08-Mar-2010,27.1,27.4,25.45,26.25,1635900,NYSE
SOL,09-Mar-2010,26.2,26.9,25.9,26.3,1043300,NYSE
SOL,10-Mar-2010,25.5,26.75,25.5,25.8,1714800,NYSE
SOL,11-Mar-2010,25.6,26.35,25.35,26.3,1294500,NYSE
SOL,12-Mar-2010,26.45,26.75,25.75,25.85,798100,NYSE
SOL,15-Mar-2010,25.8,26.2,25.2,25.3,573800,NYSE
SOL,16-Mar-2010,25.4,25.5,24.5,24.95,1040900,NYSE
SOL,17-Mar-2010,25.0,25.7,24.95,24.95,748700,NYSE
SOL,18-Mar-2010,24.75,24.9,24.0,24.6,1002200,NYSE
SOL,19-Mar-2010,24.45,25.2,23.6,24.3,2472800,NYSE
SOL,22-Mar-2010,23.85,24.65,23.65,24.55,1678600,NYSE
SOL,23-Mar-2010,24.65,25.1,24.65,25.1,696200,NYSE
SOL,24-Mar-2010,25.0,25.4,24.55,25.0,822200,NYSE
SOL,25-Mar-2010,25.2,26.25,25.2,25.75,1481400,NYSE
SOL,26-Mar-2010,26.15,28.25,25.9,28.05,3735800,NYSE
SOL,29-Mar-2010,28.4,29.05,28.0,28.8,2366600,NYSE
SOL,30-Mar-2010,29.1,29.9,28.35,29.6,3213900,NYSE
SOL,31-Mar-2010,29.35,30.2,28.25,29.6,2888700,NYSE
SOL,01-Apr-2010,29.9,30.95,29.65,30.55,3718800,NYSE
SOL,05-Apr-2010,30.85,31.1,30.4,30.95,1259700,NYSE
SOL,06-Apr-2010,30.95,31.2,30.05,30.5,2278700,NYSE
SOL,07-Apr-2010,31.05,32.9,30.6,32.8,4056500,NYSE
SOL,08-Apr-2010,31.95,33.8,31.35,33.8,2129800,NYSE
SOL,09-Apr-2010,34.45,35.0,31.6,32.1,3326200,NYSE
SOL,12-Apr-2010,32.2,32.8,32.0,32.15,1554400,NYSE
SOL,13-Apr-2010,32.1,33.85,31.6,33.45,1804500,NYSE
SOL,14-Apr-2010,33.35,34.35,33.2,34.1,1378700,NYSE
SOL,15-Apr-2010,33.85,34.45,33.0,33.8,1505700,NYSE
SOL,16-Apr-2010,33.4,33.55,31.05,31.65,2544200,NYSE
SOL,19-Apr-2010,31.35,32.4,30.95,32.3,1785200,NYSE
SOL,20-Apr-2010,32.9,35.5,32.75,35.25,2991800,NYSE
SOL,21-Apr-2010,34.7,36.3,34.55,36.15,2869200,NYSE
SOL,22-Apr-2010,35.05,36.35,34.5,36.25,1633600,NYSE
SOL,23-Apr-2010,35.7,36.7,35.5,36.7,1347800,NYSE
SOL,26-Apr-2010,36.6,37.7,36.6,37.25,1811700,NYSE
SOL,27-Apr-2010,36.6,37.55,35.1,35.3,2145800,NYSE
SOL,28-Apr-2010,34.95,34.95,32.3,33.75,3313900,NYSE
SOL,29-Apr-2010,34.55,36.8,34.55,36.65,1930100,NYSE
SOL,30-Apr-2010,37.65,43.75,37.45,39.05,5967500,NYSE
SOL,03-May-2010,40.45,40.55,37.85,38.95,2298200,NYSE
SOL,04-May-2010,38.8,38.95,36.7,37.3,1877300,NYSE
SOL,05-May-2010,36.3,36.3,34.7,34.85,3536300,NYSE
SOL,06-May-2010,34.65,35.25,29.8,32.4,4932700,NYSE
SOL,07-May-2010,32.2,33.95,30.8,33.05,2989100,NYSE
SOL,10-May-2010,36.65,37.5,35.2,36.4,3731900,NYSE
SOL,11-May-2010,34.8,36.45,33.25,33.45,3091900,NYSE
SOL,12-May-2010,34.15,35.0,33.15,34.25,2808300,NYSE
SOL,13-May-2010,33.95,35.15,33.45,33.75,2203000,NYSE
SOL,14-May-2010,32.95,33.25,31.65,32.4,1404100,NYSE
SOL,17-May-2010,31.95,32.25,29.7,31.1,2437500,NYSE
SOL,18-May-2010,32.15,33.4,31.0,31.4,3342000,NYSE
SOL,19-May-2010,30.9,31.4,27.0,27.6,6001400,NYSE
SOL,20-May-2010,26.1,27.55,24.8,26.5,4699100,NYSE
SOL,21-May-2010,25.6,28.85,25.55,28.65,3883900,NYSE
SOL,24-May-2010,28.5,29.05,26.75,26.85,1952500,NYSE
SOL,25-May-2010,25.05,27.0,24.55,26.9,2082800,NYSE
SOL,26-May-2010,28.3,28.95,27.35,28.1,2368500,NYSE
SOL,27-May-2010,29.1,30.0,29.0,30.0,1243300,NYSE
SOL,28-May-2010,30.7,31.9,29.65,30.85,2540600,NYSE
SOL,01-Jun-2010,29.95,30.15,27.4,27.4,2239300,NYSE
SOL,02-Jun-2010,28.15,29.7,27.4,29.55,1316000,NYSE
SOL,03-Jun-2010,30.6,30.7,29.2,29.95,1098800,NYSE
SOL,04-Jun-2010,28.65,30.3,28.4,29.2,1537000,NYSE
SOL,07-Jun-2010,28.8,29.15,26.7,26.85,1106300,NYSE
SOL,08-Jun-2010,26.35,27.0,25.65,26.75,1420900,NYSE
SOL,09-Jun-2010,26.85,27.7,26.3,26.4,1136800,NYSE
SOL,10-Jun-2010,27.35,28.9,26.9,28.9,1260400,NYSE
SOL,11-Jun-2010,28.8,29.45,28.05,29.1,912100,NYSE
SOL,14-Jun-2010,29.5,30.45,29.35,29.65,1827300,NYSE
SOL,15-Jun-2010,30.35,32.0,30.0,31.8,1471300,NYSE
SOL,16-Jun-2010,31.55,32.2,31.25,31.25,1073800,NYSE
SOL,17-Jun-2010,31.55,32.75,30.85,32.65,1133900,NYSE
SOL,18-Jun-2010,32.65,33.1,32.0,32.45,1029000,NYSE
SOL,21-Jun-2010,33.4,33.55,31.7,31.85,1066700,NYSE
SOL,22-Jun-2010,31.65,32.1,29.6,29.9,938500,NYSE
SOL,23-Jun-2010,30.35,31.15,29.75,30.3,602700,NYSE
SOL,24-Jun-2010,29.65,30.1,28.7,28.8,702400,NYSE
SOL,25-Jun-2010,29.0,30.25,28.55,30.0,519700,NYSE
SOL,28-Jun-2010,28.75,30.15,28.5,29.55,1422300,NYSE
SOL,29-Jun-2010,28.45,28.9,27.55,27.7,2116000,NYSE
SOL,30-Jun-2010,28.05,30.15,27.9,29.85,1928400,NYSE
SOL,01-Jul-2010,31.3,33.0,30.25,32.4,3532800,NYSE
SOL,02-Jul-2010,32.65,34.65,31.75,34.2,2669600,NYSE
SOL,06-Jul-2010,35.0,35.35,32.35,32.8,2607900,NYSE
SOL,07-Jul-2010,32.25,34.95,32.25,34.7,930600,NYSE
SOL,08-Jul-2010,34.9,37.85,34.8,37.75,2137900,NYSE
SOL,09-Jul-2010,36.5,38.25,36.25,38.0,1639900,NYSE
SOL,12-Jul-2010,37.9,38.75,36.3,37.4,1369300,NYSE
SOL,13-Jul-2010,37.6,38.2,36.0,36.5,1664200,NYSE
SOL,14-Jul-2010,37.0,37.5,36.2,37.3,1255700,NYSE
SOL,15-Jul-2010,37.15,37.4,36.05,37.15,807300,NYSE
SOL,16-Jul-2010,36.7,36.9,35.65,36.05,905900,NYSE
SOL,19-Jul-2010,36.05,37.95,35.6,37.7,1205400,NYSE
SOL,20-Jul-2010,36.4,39.75,36.1,39.3,1782800,NYSE
SOL,21-Jul-2010,38.95,39.6,37.65,38.0,2059200,NYSE
SOL,22-Jul-2010,38.75,40.25,38.55,39.55,1568200,NYSE
SOL,23-Jul-2010,39.0,40.4,38.55,40.05,1339100,NYSE
SOL,26-Jul-2010,39.9,41.1,39.0,40.7,987200,NYSE
SOL,27-Jul-2010,40.6,40.6,39.0,39.2,1161400,NYSE
SOL,28-Jul-2010,38.25,38.85,37.85,38.15,1206900,NYSE
SOL,29-Jul-2010,38.5,40.0,38.4,39.3,1618000,NYSE
SOL,30-Jul-2010,38.25,38.65,37.15,37.9,1681600,NYSE
SOL,02-Aug-2010,39.1,39.7,38.25,39.6,963300,NYSE
SOL,03-Aug-2010,40.65,41.1,39.4,39.9,1327300,NYSE
SOL,04-Aug-2010,39.8,39.85,38.7,39.55,718600,NYSE
SOL,05-Aug-2010,39.45,40.7,39.1,39.5,989000,NYSE
SOL,06-Aug-2010,39.35,40.45,38.5,39.95,1698900,NYSE
SOL,09-Aug-2010,40.5,42.0,39.65,41.55,3147000,NYSE
SOL,10-Aug-2010,41.25,42.3,40.1,40.15,2758500,NYSE
SOL,11-Aug-2010,39.15,39.3,36.55,36.65,2173000,NYSE
SOL,12-Aug-2010,36.5,39.0,35.3,38.35,2017300,NYSE
SOL,13-Aug-2010,38.3,39.1,37.35,37.4,906300,NYSE
SOL,16-Aug-2010,37.15,38.8,36.7,36.95,1729700,NYSE
SOL,17-Aug-2010,37.7,40.0,37.7,40.0,1804500,NYSE
SOL,18-Aug-2010,40.75,42.4,40.35,41.4,4888600,NYSE
SOL,19-Aug-2010,40.75,41.05,38.9,38.9,2806300,NYSE
SOL,20-Aug-2010,38.95,39.85,38.25,39.45,1550400,NYSE
SOL,23-Aug-2010,39.55,40.5,38.9,38.95,1006400,NYSE
SOL,24-Aug-2010,37.7,38.65,36.65,37.65,1384900,NYSE
SOL,25-Aug-2010,37.3,40.9,36.75,40.8,2370800,NYSE
SOL,26-Aug-2010,40.35,41.25,38.8,38.9,1574000,NYSE
SOL,27-Aug-2010,38.75,41.75,38.75,41.75,2132800,NYSE
SOL,30-Aug-2010,41.2,44.6,41.2,42.9,3456800,NYSE
SOL,31-Aug-2010,42.2,45.15,42.15,43.85,2715500,NYSE
SOL,01-Sep-2010,44.7,45.55,44.5,45.2,1543700,NYSE
SOL,02-Sep-2010,45.5,47.0,44.6,46.85,2098900,NYSE
SOL,03-Sep-2010,47.6,49.35,47.45,48.65,2232300,NYSE
SOL,07-Sep-2010,48.4,51.3,47.6,48.65,3089800,NYSE
SOL,08-Sep-2010,49.35,50.6,47.95,49.05,1694700,NYSE
SOL,09-Sep-2010,49.85,49.85,48.05,48.4,995900,NYSE
SOL,10-Sep-2010,48.35,48.4,46.45,47.15,1464100,NYSE
SOL,13-Sep-2010,48.5,48.95,47.4,48.5,1369900,NYSE
SOL,14-Sep-2010,48.15,51.15,47.75,51.0,2193000,NYSE
SOL,15-Sep-2010,50.25,51.65,49.55,50.85,1946000,NYSE
SOL,16-Sep-2010,50.3,51.95,50.05,51.5,1442300,NYSE
SOL,17-Sep-2010,52.0,52.25,50.85,51.4,1182900,NYSE
SOL,20-Sep-2010,51.5,54.35,51.1,54.35,2095100,NYSE
SOL,21-Sep-2010,54.1,56.85,53.85,55.1,1987200,NYSE
SOL,22-Sep-2010,55.0,56.6,54.95,56.05,1131000,NYSE
SOL,23-Sep-2010,55.1,56.05,54.6,54.9,1705200,NYSE
SOL,24-Sep-2010,56.0,59.65,56.0,59.35,2525200,NYSE
SOL,27-Sep-2010,59.95,60.5,57.5,57.9,2478600,NYSE
SOL,28-Sep-2010,57.95,58.35,55.1,57.35,2464100,NYSE
SOL,29-Sep-2010,57.15,61.45,56.9,60.85,6185700,NYSE
SOL,30-Sep-2010,61.75,63.6,60.2,62.5,3320400,NYSE
SOL,01-Oct-2010,63.4,63.5,60.3,61.75,2195800,NYSE
SOL,04-Oct-2010,61.55,61.9,57.5,58.6,2864900,NYSE
SOL,05-Oct-2010,59.6,61.05,58.75,60.75,1617300,NYSE
SOL,06-Oct-2010,60.25,62.3,60.2,61.15,1404000,NYSE
SOL,07-Oct-2010,62.3,66.7,61.65,66.25,3967600,NYSE
SOL,08-Oct-2010,65.55,66.35,64.1,65.5,2074200,NYSE
SOL,11-Oct-2010,66.25,70.5,65.05,68.8,3142100,NYSE
SOL,12-Oct-2010,68.35,69.95,66.4,68.0,2187200,NYSE
SOL,13-Oct-2010,69.3,73.5,69.2,72.0,3544700,NYSE
SOL,14-Oct-2010,73.2,76.7,71.9,72.75,5842400,NYSE
SOL,15-Oct-2010,73.0,73.45,63.35,65.15,6668600,NYSE
SOL,18-Oct-2010,63.45,69.6,61.65,66.95,6112000,NYSE
SOL,19-Oct-2010,66.1,66.85,59.45,60.85,7662000,NYSE
SOL,20-Oct-2010,61.6,64.6,61.3,62.85,4016900,NYSE
SOL,21-Oct-2010,63.2,63.55,59.15,60.15,3805800,NYSE
SOL,22-Oct-2010,60.55,61.1,56.95,59.4,3733900,NYSE
SOL,25-Oct-2010,60.9,62.5,59.8,61.25,2358900,NYSE
SOL,26-Oct-2010,61.85,61.95,60.3,60.8,1736000,NYSE
SOL,27-Oct-2010,59.8,62.15,59.55,61.9,2257800,NYSE
SOL,28-Oct-2010,63.0,64.8,61.0,64.35,2477600,NYSE
SOL,29-Oct-2010,63.25,63.55,59.3,59.85,3096000,NYSE
SOL,01-Nov-2010,61.3,61.8,55.9,57.35,3990500,NYSE
SOL,02-Nov-2010,58.6,60.0,57.5,59.55,2399800,NYSE
SOL,03-Nov-2010,60.35,62.9,60.0,62.9,3893700,NYSE
SOL,04-Nov-2010,65.1,66.1,64.5,65.3,3858200,NYSE
SOL,05-Nov-2010,70.65,70.65,64.25,64.8,9562900,NYSE
SOL,08-Nov-2010,63.45,63.7,61.8,62.2,3525200,NYSE
SOL,09-Nov-2010,63.3,65.05,61.0,61.15,4063100,NYSE
SOL,10-Nov-2010,61.45,61.5,57.4,59.1,4212600,NYSE
SOL,11-Nov-2010,57.45,58.5,56.0,57.6,2370900,NYSE
SOL,12-Nov-2010,56.85,59.3,55.35,55.65,3234600,NYSE
SOL,15-Nov-2010,56.5,56.8,53.45,53.65,3552200,NYSE
SOL,16-Nov-2010,52.15,52.25,49.05,49.1,7250900,NYSE
SOL,17-Nov-2010,47.65,47.65,44.45,44.95,10753700,NYSE
SOL,18-Nov-2010,46.95,47.2,44.15,45.6,5490000,NYSE
SOL,19-Nov-2010,46.1,47.8,44.4,47.55,3917400,NYSE
SOL,22-Nov-2010,47.7,49.65,46.35,49.2,4268900,NYSE
SOL,23-Nov-2010,46.95,48.55,46.5,47.35,2806000,NYSE
SOL,24-Nov-2010,48.0,48.95,47.6,48.65,1957700,NYSE
SOL,26-Nov-2010,47.75,48.05,46.75,46.75,964800,NYSE
SOL,29-Nov-2010,46.25,46.4,43.35,44.35,4087900,NYSE
SOL,30-Nov-2010,43.5,43.75,40.75,41.15,4873200,NYSE
SOL,01-Dec-2010,43.25,43.6,41.3,41.55,4805200,NYSE
SOL,02-Dec-2010,42.2,43.7,41.35,43.2,2831000,NYSE
SOL,03-Dec-2010,44.2,45.65,43.5,45.25,3128000,NYSE
SOL,06-Dec-2010,46.25,47.35,45.65,46.8,3154500,NYSE
SOL,07-Dec-2010,47.75,48.0,44.4,44.65,3656100,NYSE
SOL,08-Dec-2010,44.9,45.1,43.05,44.6,2547500,NYSE
SOL,09-Dec-2010,45.4,45.7,43.95,44.65,1655100,NYSE
SOL,10-Dec-2010,44.7,45.1,43.65,43.75,2275800,NYSE
SOL,13-Dec-2010,44.2,44.5,41.25,41.5,3332900,NYSE
SOL,14-Dec-2010,41.35,42.2,40.5,41.2,3106500,NYSE
SOL,15-Dec-2010,41.65,42.25,40.9,41.2,1772600,NYSE
SOL,16-Dec-2010,41.65,41.65,40.05,40.75,1406900,NYSE
SOL,17-Dec-2010,40.35,40.7,39.5,40.1,2177000,NYSE
SOL,20-Dec-2010,40.75,42.0,40.6,41.45,2218900,NYSE
SOL,21-Dec-2010,42.3,43.6,41.8,42.45,3373300,NYSE
SOL,22-Dec-2010,43.25,43.35,40.95,42.0,2632100,NYSE
SOL,23-Dec-2010,43.35,46.25,43.35,45.35,6140200,NYSE
SOL,27-Dec-2010,44.65,44.8,43.25,44.0,2439700,NYSE
SOL,28-Dec-2010,44.05,44.35,42.5,42.55,2126000,NYSE
SOL,29-Dec-2010,42.65,43.1,41.95,42.75,1567200,NYSE
SOL,30-Dec-2010,43.05,43.7,42.5,43.45,1736100,NYSE
SOL,31-Dec-2010,43.25,43.7,43.0,43.7,1286400,NYSE
SOL,03-Jan-2011,44.95,45.85,44.3,45.2,2548500,NYSE
SOL,04-Jan-2011,45.8,47.2,45.45,47.05,5042000,NYSE
SOL,05-Jan-2011,46.8,47.45,46.1,46.65,2366200,NYSE
SOL,06-Jan-2011,47.05,47.4,45.35,46.35,3089600,NYSE
SOL,07-Jan-2011,47.5,48.95,47.1,48.55,4286300,NYSE
SOL,10-Jan-2011,51.2,52.75,51.1,52.65,6402400,NYSE
SOL,11-Jan-2011,55.0,55.0,52.9,53.85,5584700,NYSE
SOL,12-Jan-2011,54.45,57.25,54.2,55.65,5285000,NYSE
SOL,13-Jan-2011,55.6,55.6,52.6,52.95,5027000,NYSE
SOL,14-Jan-2011,51.6,52.4,51.0,51.6,3118400,NYSE
SOL,18-Jan-2011,51.8,54.9,51.7,54.85,4980900,NYSE
SOL,19-Jan-2011,54.6,54.8,49.95,50.05,5865100,NYSE
SOL,20-Jan-2011,49.6,52.45,47.9,52.25,5248000,NYSE
SOL,21-Jan-2011,53.15,53.35,51.0,51.25,4048000,NYSE
SOL,24-Jan-2011,52.15,54.5,51.5,54.15,4530300,NYSE
SOL,25-Jan-2011,52.95,55.45,51.4,51.7,7010400,NYSE
SOL,26-Jan-2011,53.05,53.2,50.35,50.6,6117300,NYSE
SOL,27-Jan-2011,51.0,53.75,50.15,53.25,5103400,NYSE
SOL,28-Jan-2011,53.35,54.0,50.5,50.9,4320700,NYSE
SOL,31-Jan-2011,51.5,53.05,51.0,52.85,3107700,NYSE
SOL,01-Feb-2011,53.5,55.1,53.4,53.8,4164700,NYSE
SOL,02-Feb-2011,54.0,58.5,52.7,57.95,8675400,NYSE
SOL,03-Feb-2011,58.25,59.9,55.85,57.7,6764700,NYSE
SOL,04-Feb-2011,56.5,57.65,55.5,55.95,3620200,NYSE
SOL,07-Feb-2011,57.05,58.6,56.5,56.95,2871300,NYSE
SOL,08-Feb-2011,56.5,57.0,55.15,56.25,2125600,NYSE
SOL,09-Feb-2011,56.1,56.4,54.1,54.4,2743000,NYSE
SOL,10-Feb-2011,53.25,55.85,52.3,55.0,2905700,NYSE
SOL,11-Feb-2011,54.6,57.4,54.3,56.9,3923900,NYSE
SOL,14-Feb-2011,57.45,59.75,57.35,59.6,3764700,NYSE
SOL,15-Feb-2011,58.9,60.45,58.5,58.75,4364700,NYSE
SOL,16-Feb-2011,59.4,61.25,59.4,61.15,3871600,NYSE
SOL,17-Feb-2011,61.0,63.9,60.3,63.65,4579100,NYSE
SOL,18-Feb-2011,66.2,66.25,61.8,63.15,5985300,NYSE
SOL,22-Feb-2011,61.4,61.8,58.5,58.8,6052400,NYSE
SOL,23-Feb-2011,59.1,61.85,56.55,58.35,5560100,NYSE
SOL,24-Feb-2011,57.8,59.95,56.8,59.1,5182100,NYSE
SOL,25-Feb-2011,60.35,60.5,57.1,57.7,4948600,NYSE
SOL,28-Feb-2011,58.8,59.0,54.45,55.25,7228400,NYSE
SOL,01-Mar-2011,49.25,49.75,45.25,46.0,13018900,NYSE
SOL,02-Mar-2011,46.1,48.0,46.1,47.95,6503100,NYSE
SOL,03-Mar-2011,49.1,49.4,47.1,47.3,5974600,NYSE
SOL,04-Mar-2011,47.75,48.05,46.1,46.3,3930800,NYSE
SOL,07-Mar-2011,46.95,47.45,44.5,44.6,4608600,NYSE
SOL,08-Mar-2011,44.75,45.85,42.8,44.3,5207100,NYSE
SOL,09-Mar-2011,41.0,43.55,40.4,43.05,7626600,NYSE
SOL,10-Mar-2011,41.65,44.4,41.5,43.95,5084500,NYSE
SOL,11-Mar-2011,42.3,45.75,42.25,43.55,3367800,NYSE
SOL,14-Mar-2011,45.5,46.25,44.85,45.25,4714500,NYSE
SOL,15-Mar-2011,47.0,48.5,45.3,47.5,8424600,NYSE
SOL,16-Mar-2011,48.7,48.7,45.1,46.05,5213957,NYSE
SOL,17-Mar-2011,46.6,47.75,45.3,46.25,3402500,NYSE
SOL,18-Mar-2011,46.75,46.75,44.1,45.15,3114100,NYSE
SOL,21-Mar-2011,45.4,45.9,44.6,45.4,2605500,NYSE
SOL,22-Mar-2011,45.4,45.7,43.85,44.15,2451900,NYSE
SOL,23-Mar-2011,44.05,45.15,43.6,44.85,1830000,NYSE
SOL,24-Mar-2011,45.7,45.9,44.75,45.2,2143500,NYSE
SOL,25-Mar-2011,45.65,45.9,44.85,45.0,1924100,NYSE
SOL,28-Mar-2011,46.05,47.8,46.05,46.9,4037100,NYSE
SOL,29-Mar-2011,48.35,50.9,47.25,50.45,6395900,NYSE
SOL,30-Mar-2011,51.7,52.0,50.8,50.9,4459900,NYSE
SOL,31-Mar-2011,51.95,53.0,49.8,52.75,5117100,NYSE
SOL,01-Apr-2011,53.25,53.65,50.05,50.3,4349100,NYSE
SOL,04-Apr-2011,50.7,51.3,48.9,49.2,3368400,NYSE
SOL,05-Apr-2011,49.2,50.5,48.4,49.35,3420500,NYSE
SOL,06-Apr-2011,50.55,50.55,48.55,49.55,2785100,NYSE
SOL,07-Apr-2011,49.7,49.7,48.3,49.05,1596500,NYSE
SOL,08-Apr-2011,49.8,50.05,48.25,48.95,2144300,NYSE
SOL,11-Apr-2011,49.7,49.7,46.75,47.45,2570600,NYSE
SOL,12-Apr-2011,47.15,47.45,45.3,45.85,2749800,NYSE
SOL,13-Apr-2011,46.4,47.75,46.15,47.3,3133800,NYSE
SOL,14-Apr-2011,47.1,48.15,45.9,47.6,3096900,NYSE
SOL,15-Apr-2011,47.4,47.75,45.85,46.05,2366800,NYSE
SOL,18-Apr-2011,45.85,45.85,42.9,44.45,3984000,NYSE
SOL,19-Apr-2011,44.5,45.55,43.5,44.2,2724400,NYSE
SOL,20-Apr-2011,44.9,46.35,44.9,46.35,2195000,NYSE
SOL,21-Apr-2011,47.1,47.4,45.25,46.05,2446100,NYSE
SOL,25-Apr-2011,46.35,46.75,46.05,46.45,1156100,NYSE
SOL,26-Apr-2011,46.35,46.95,45.6,46.0,2161100,NYSE
SOL,27-Apr-2011,45.3,45.5,43.6,44.25,5695000,NYSE
SOL,28-Apr-2011,40.5,44.5,40.35,43.3,6641400,NYSE
SOL,29-Apr-2011,44.5,46.55,43.05,45.9,6541200,NYSE
SOL,02-May-2011,46.15,46.15,44.3,44.65,2424000,NYSE
SOL,03-May-2011,44.2,44.45,42.5,43.25,3124400,NYSE
SOL,04-May-2011,42.2,43.2,41.0,41.2,4263100,NYSE
SOL,05-May-2011,40.75,41.9,40.75,41.1,2878800,NYSE
SOL,06-May-2011,41.65,41.95,41.05,41.55,3249200,NYSE
SOL,09-May-2011,41.55,41.8,40.25,41.55,1876500,NYSE
SOL,10-May-2011,41.7,44.7,41.3,44.25,4138700,NYSE
SOL,11-May-2011,44.0,44.15,41.9,41.9,2871400,NYSE
SOL,12-May-2011,42.2,42.2,41.5,41.65,2468600,NYSE
SOL,13-May-2011,41.9,41.95,40.75,41.25,2381400,NYSE
SOL,16-May-2011,40.55,41.5,40.0,40.1,2535500,NYSE
SOL,17-May-2011,39.35,39.4,37.6,37.85,3726500,NYSE
SOL,18-May-2011,38.1,38.95,37.75,38.3,2339600,NYSE
SOL,19-May-2011,38.65,38.75,37.35,37.7,2558800,NYSE
SOL,20-May-2011,37.25,37.3,35.75,36.25,3956500,NYSE
SOL,23-May-2011,34.6,36.05,34.5,35.65,2730700,NYSE
SOL,24-May-2011,35.85,36.7,35.7,36.25,2075100,NYSE
SOL,25-May-2011,35.75,35.85,34.4,34.6,3041700,NYSE
SOL,26-May-2011,34.1,35.75,34.1,35.25,1559700,NYSE
SOL,27-May-2011,35.75,36.6,35.5,36.0,1844100,NYSE
SOL,31-May-2011,37.05,38.25,36.75,37.1,2886700,NYSE
SOL,01-Jun-2011,37.4,37.4,34.35,34.35,4462700,NYSE
SOL,02-Jun-2011,34.5,35.15,33.05,33.45,3705600,NYSE
SOL,03-Jun-2011,32.6,33.15,31.15,31.25,5746400,NYSE
SOL,06-Jun-2011,31.2,32.3,30.2,30.3,3240100,NYSE
SOL,07-Jun-2011,30.85,32.0,30.45,31.55,3896800,NYSE
SOL,08-Jun-2011,31.15,31.2,28.0,28.25,5948300,NYSE
SOL,09-Jun-2011,28.65,29.15,28.0,28.15,3605800,NYSE
SOL,10-Jun-2011,28.0,28.0,25.95,26.2,7870200,NYSE
SOL,13-Jun-2011,26.6,27.3,25.95,26.6,3493100,NYSE
SOL,14-Jun-2011,27.55,28.35,27.25,28.1,5876400,NYSE
SOL,15-Jun-2011,26.9,28.5,26.5,26.7,5289400,NYSE
SOL,16-Jun-2011,26.7,27.25,24.65,25.3,6292500,NYSE
SOL,17-Jun-2011,25.85,26.05,24.1,24.65,4847700,NYSE
SOL,20-Jun-2011,24.0,24.15,22.5,23.05,6530200,NYSE
SOL,21-Jun-2011,23.0,23.5,21.65,21.8,9990200,NYSE
SOL,22-Jun-2011,22.2,25.35,21.85,24.8,11728000,NYSE
SOL,23-Jun-2011,23.95,25.5,23.6,25.3,5906500,NYSE
SOL,24-Jun-2011,25.75,26.0,25.0,25.2,4290900,NYSE
SOL,27-Jun-2011,25.0,25.6,24.15,24.4,4344700,NYSE
SOL,28-Jun-2011,23.75,24.65,23.5,24.5,3191700,NYSE
SOL,29-Jun-2011,24.9,25.2,24.25,25.2,4315900,NYSE
SOL,30-Jun-2011,25.5,26.8,25.3,26.1,4792600,NYSE
SOL,01-Jul-2011,26.35,26.8,25.8,26.2,2869200,NYSE
SOL,05-Jul-2011,26.7,26.75,25.5,26.1,2906300,NYSE
SOL,06-Jul-2011,25.65,25.8,25.0,25.25,4736500,NYSE
SOL,07-Jul-2011,25.7,25.75,24.75,24.8,2983400,NYSE
SOL,08-Jul-2011,24.1,24.25,23.45,23.85,4614800,NYSE
SOL,11-Jul-2011,23.25,23.7,23.0,23.4,2830000,NYSE
SOL,12-Jul-2011,21.1,23.7,21.0,23.55,8104200,NYSE
SOL,13-Jul-2011,23.75,24.7,23.7,24.05,2719600,NYSE
SOL,14-Jul-2011,24.2,24.25,22.65,22.95,2690000,NYSE
SOL,15-Jul-2011,22.95,23.2,22.05,22.45,1943100,NYSE
SOL,18-Jul-2011,22.4,22.5,21.45,21.95,2066800,NYSE
SOL,19-Jul-2011,22.1,23.5,22.1,23.0,2626900,NYSE
SOL,20-Jul-2011,23.35,24.75,23.3,23.9,2864200,NYSE
SOL,21-Jul-2011,23.75,24.05,23.0,23.2,3934500,NYSE
SOL,22-Jul-2011,23.05,24.45,23.05,24.4,2857900,NYSE
SOL,25-Jul-2011,24.05,24.6,23.55,23.55,1529900,NYSE
SOL,26-Jul-2011,23.45,23.85,22.8,23.7,2065000,NYSE
SOL,27-Jul-2011,23.35,23.65,22.3,22.45,2346500,NYSE
SOL,28-Jul-2011,22.4,23.3,22.1,22.7,2282100,NYSE
SOL,29-Jul-2011,22.3,22.95,22.05,22.65,2854100,NYSE
SOL,01-Aug-2011,23.15,23.85,22.35,22.7,2928300,NYSE
SOL,02-Aug-2011,22.6,22.95,21.45,21.45,3302800,NYSE
SOL,03-Aug-2011,21.7,21.8,20.2,20.7,2946900,NYSE
SOL,04-Aug-2011,20.2,20.2,17.75,17.95,6044600,NYSE
SOL,05-Aug-2011,18.3,18.9,16.4,16.9,5342700,NYSE
SOL,08-Aug-2011,15.0,15.5,13.8,13.8,5848900,NYSE
SOL,09-Aug-2011,13.55,15.75,13.25,15.75,5322600,NYSE
SOL,10-Aug-2011,15.05,16.5,14.75,16.15,3968900,NYSE
SOL,11-Aug-2011,16.35,20.3,16.2,20.0,7494700,NYSE
SOL,12-Aug-2011,20.15,20.75,17.5,17.6,5067700,NYSE
SOL,15-Aug-2011,18.0,18.9,17.75,18.9,1918600,NYSE
SOL,16-Aug-2011,18.35,18.5,17.5,17.9,1826400,NYSE
SOL,17-Aug-2011,18.1,18.25,16.9,16.95,1589300,NYSE
SOL,18-Aug-2011,16.05,16.1,15.15,15.5,2322700,NYSE
SOL,19-Aug-2011,15.65,16.4,14.75,14.95,2564100,NYSE
SOL,22-Aug-2011,16.65,16.75,14.95,15.05,3261000,NYSE
SOL,23-Aug-2011,15.5,16.5,15.1,16.5,3288800,NYSE
SOL,24-Aug-2011,16.45,16.9,16.0,16.9,2404100,NYSE
SOL,25-Aug-2011,17.0,17.25,16.4,16.55,1725700,NYSE
SOL,26-Aug-2011,16.45,17.75,15.85,17.4,2165800,NYSE
SOL,29-Aug-2011,17.6,18.3,17.45,18.2,1979800,NYSE
SOL,30-Aug-2011,18.1,18.15,17.1,17.75,1796400,NYSE
SOL,31-Aug-2011,17.95,18.2,17.05,17.35,1813200,NYSE
SOL,01-Sep-2011,17.45,17.45,16.05,16.05,2080000,NYSE
SOL,02-Sep-2011,15.5,15.8,15.05,15.3,2209600,NYSE
SOL,06-Sep-2011,14.8,15.8,14.6,15.7,1975500,NYSE
SOL,07-Sep-2011,16.4,16.7,15.45,15.95,1801600,NYSE
SOL,08-Sep-2011,15.4,16.2,15.05,15.1,2469600,NYSE
SOL,09-Sep-2011,15.0,15.05,14.25,14.6,3475500,NYSE
SOL,12-Sep-2011,14.8,15.8,14.5,15.05,2463800,NYSE
SOL,13-Sep-2011,15.4,15.75,14.85,14.95,1884200,NYSE
SOL,14-Sep-2011,15.15,15.45,14.1,14.35,3121900,NYSE
SOL,15-Sep-2011,15.0,15.0,14.4,14.8,1576300,NYSE
SOL,16-Sep-2011,14.8,14.9,14.1,14.1,2278600,NYSE
SOL,19-Sep-2011,13.75,13.8,13.15,13.2,2328600,NYSE
SOL,20-Sep-2011,13.45,13.55,11.65,11.75,3143600,NYSE
SOL,21-Sep-2011,11.75,12.6,11.2,11.25,2337200,NYSE
SOL,22-Sep-2011,10.6,11.05,10.25,10.4,3291100,NYSE
SOL,23-Sep-2011,10.35,11.65,10.35,11.15,2863300,NYSE
SOL,26-Sep-2011,11.3,11.65,10.5,10.75,1991900,NYSE
SOL,27-Sep-2011,11.15,11.3,10.8,10.8,1869300,NYSE
SOL,28-Sep-2011,10.6,10.75,9.55,9.7,4480200,NYSE
SOL,29-Sep-2011,10.1,10.15,8.4,8.75,6336400,NYSE
SOL,30-Sep-2011,8.8,9.2,8.5,8.6,1947500,NYSE
SOL,03-Oct-2011,8.55,8.6,7.75,7.75,3287500,NYSE
SOL,04-Oct-2011,7.4,8.5,7.3,8.05,5056700,NYSE
SOL,05-Oct-2011,8.45,8.7,7.55,8.2,8126600,NYSE
SOL,06-Oct-2011,8.4,10.15,8.2,9.7,7808500,NYSE
SOL,07-Oct-2011,10.35,10.5,9.3,9.45,5652300,NYSE
SOL,10-Oct-2011,10.05,10.25,9.3,9.7,2758200,NYSE
SOL,11-Oct-2011,9.75,9.85,9.3,9.7,1433600,NYSE
SOL,12-Oct-2011,9.7,10.85,9.7,10.75,3311500,NYSE
SOL,13-Oct-2011,10.55,11.7,10.25,11.7,3167100,NYSE
SOL,14-Oct-2011,12.3,12.8,10.9,11.7,3100300,NYSE
SOL,17-Oct-2011,11.25,11.7,10.75,11.1,1771300,NYSE
SOL,18-Oct-2011,10.9,11.1,10.15,10.9,2228700,NYSE
SOL,19-Oct-2011,10.95,11.1,10.15,10.4,2099300,NYSE
SOL,20-Oct-2011,10.1,10.7,9.8,10.7,2953000,NYSE
SOL,21-Oct-2011,11.0,11.1,10.25,10.75,1457600,NYSE
SOL,24-Oct-2011,10.9,11.5,10.75,11.5,3293600,NYSE
SOL,25-Oct-2011,11.35,11.35,10.1,10.35,4951900,NYSE
SOL,26-Oct-2011,10.6,10.8,10.35,10.7,1596900,NYSE
SOL,27-Oct-2011,11.35,12.25,11.0,12.2,4683200,NYSE
SOL,28-Oct-2011,11.8,13.35,11.75,13.0,4122600,NYSE
SOL,31-Oct-2011,12.5,12.6,11.25,11.4,1978600,NYSE
SOL,01-Nov-2011,10.9,11.25,10.55,10.75,1755200,NYSE
SOL,02-Nov-2011,11.0,11.4,10.5,10.65,1323200,NYSE
SOL,03-Nov-2011,10.9,11.1,10.5,11.0,1462900,NYSE
SOL,04-Nov-2011,11.1,11.9,10.75,11.85,2239100,NYSE
SOL,07-Nov-2011,10.85,11.65,10.45,11.3,1660800,NYSE
SOL,08-Nov-2011,11.45,11.7,10.9,11.2,943800,NYSE
SOL,09-Nov-2011,10.75,11.0,10.2,10.2,1572600,NYSE
SOL,10-Nov-2011,10.45,10.65,9.8,9.85,1506300,NYSE
SOL,11-Nov-2011,10.15,10.85,10.05,10.65,1268700,NYSE
SOL,14-Nov-2011,10.5,10.75,9.95,9.95,1037100,NYSE
SOL,15-Nov-2011,9.7,9.9,9.3,9.3,1908600,NYSE
SOL,16-Nov-2011,9.0,9.7,8.85,9.55,1528100,NYSE
SOL,17-Nov-2011,9.55,9.7,8.85,8.85,1279300,NYSE
SOL,18-Nov-2011,9.0,9.3,8.4,8.4,1114100,NYSE
SOL,21-Nov-2011,8.15,8.45,7.6,8.4,1129200,NYSE
SOL,22-Nov-2011,8.4,8.95,7.85,8.7,1590400,NYSE
SOL,23-Nov-2011,8.95,9.55,8.5,9.3,1811400,NYSE
SOL,25-Nov-2011,9.2,9.4,8.8,8.8,550400,NYSE
SOL,28-Nov-2011,9.35,9.4,9.05,9.25,1825200,NYSE
SOL,29-Nov-2011,8.9,9.6,8.85,9.4,1390500,NYSE
SOL,30-Nov-2011,9.75,10.2,9.65,10.0,2121300,NYSE
SOL,01-Dec-2011,9.95,10.2,9.45,9.55,1149200,NYSE
SOL,02-Dec-2011,9.7,10.05,9.15,9.3,1002800,NYSE
SOL,05-Dec-2011,9.65,9.75,8.9,9.4,1241300,NYSE
SOL,06-Dec-2011,9.25,9.35,8.9,8.9,901400,NYSE
SOL,07-Dec-2011,8.8,9.25,8.6,8.75,1046200,NYSE
SOL,08-Dec-2011,8.75,9.1,8.55,8.75,696800,NYSE
SOL,09-Dec-2011,8.8,9.0,8.5,8.6,855100,NYSE
SOL,12-Dec-2011,8.45,8.8,8.25,8.25,684900,NYSE
SOL,13-Dec-2011,8.3,8.65,7.75,7.75,779900,NYSE
SOL,14-Dec-2011,7.65,8.0,7.5,7.55,1029300,NYSE
SOL,15-Dec-2011,7.7,8.0,7.4,7.65,897500,NYSE
SOL,16-Dec-2011,7.95,7.95,7.35,7.35,760900,NYSE
SOL,19-Dec-2011,7.45,7.9,7.25,7.4,965200,NYSE
SOL,20-Dec-2011,7.6,8.2,7.55,8.1,970300,NYSE
SOL,21-Dec-2011,8.05,8.75,7.65,8.5,857900,NYSE
SOL,22-Dec-2011,8.55,9.0,8.55,8.85,1056500,NYSE
SOL,23-Dec-2011,8.9,9.0,8.25,8.35,644300,NYSE
SOL,27-Dec-2011,8.25,8.35,7.5,7.5,1157000,NYSE
SOL,28-Dec-2011,7.5,8.0,7.5,7.75,1009400,NYSE
SOL,29-Dec-2011,7.7,7.9,7.6,7.8,750600,NYSE
SOL,30-Dec-2011,7.7,7.75,7.55,7.65,818400,NYSE
